Sezione1 Longia
1980.006            0.000            0.000
2160.006            0.000            0.000
2220.000            0.490            0.000
2280.000            1.792            0.000
2340.000            1.928            0.000
2400.000            1.946            0.000
2460.000            1.981            0.000
2520.000            2.291            0.000
2580.000            2.756            0.000
2640.000            2.598            0.000
2700.000            2.461            0.000
2760.000            2.210            0.000
2820.000            1.984            0.000
2880.000            1.855            0.000
2940.000            1.763            0.000
3000.000            1.702            0.000
3060.000            1.660            0.000
3120.000            1.527            0.000
3180.000            1.399            0.000
3240.000            1.276            0.000
3300.000            1.141            0.000
3360.000            1.007            0.000
3420.000            1.051            0.000
3480.000            1.047            0.000
3540.000            0.971            0.000
3600.000            0.889            0.000
3660.000            0.900            0.000
3720.000            0.982            0.000
3780.000            0.989            0.000
3840.000            1.011            0.000
3900.000            0.928            0.000
3960.000            0.811            0.000
Sezione2 Salvela
1805.755            0.000            0.558
1985.755            54.102            0.558
2045.755            48.464            0.509
2105.755            42.827            0.461
2165.755            37.190            0.412
2225.755            31.552            0.364
2285.755            25.915            0.315
2345.755            20.278            0.267
2405.755            14.640            0.218
2465.755            9.003            0.170
2525.755            3.366            0.121
2561.580            0.000            0.092
Sezione3 Antrimoia
1994.116            0.000            0.558
2174.116            70.300            0.558
2234.116            66.476            0.551
2294.116            62.652            0.545
2354.116            58.828            0.538
2414.116            55.004            0.531
2474.116            51.181            0.525
2534.116            47.357            0.518
2594.116            43.533            0.511
2654.116            39.709            0.505
2714.116            35.885            0.498
2774.116            32.061            0.491
2834.116            28.237            0.485
2894.116            24.414            0.478
2954.116            20.590            0.471
3014.116            16.766            0.465
3074.116            12.942            0.458
3134.116            9.118            0.451
3194.116            5.294            0.445
3254.116            1.470            0.438
3277.188            0.000            0.435
Sezione4 Secco
2220.009            0.000            0.000
2400.009            0.000            0.000
2460.000            3.224            0.000
2520.000            5.621            0.000
2580.000            10.417            0.000
2640.000            11.593            0.000
2700.000            11.818            0.000
2760.000            11.620            0.000
2820.000            11.123            0.000
2880.000            10.455            0.000
2940.000            9.680            0.000
3000.000            8.699            0.000
3060.000            7.676            0.000
3120.000            6.742            0.000
3180.000            5.925            0.000
3240.000            5.330            0.000
3300.000            4.694            0.000
3360.000            4.127            0.000
3420.000            3.615            0.000
3480.000            3.283            0.000
3540.000            3.316            0.000
3600.000            2.937            0.000
3660.000            4.426            0.000
3720.000            4.316            0.000
3780.000            4.069            0.000
3840.000            3.807            0.000
3900.000            3.542            0.000
3960.000            3.288            0.000
4020.000            3.063            0.000
4080.000            2.858            0.000
4140.000            2.628            0.000
4200.000            2.413            0.000
4260.000            2.205            0.000
4320.000            2.012            0.000
4380.000            1.833            0.000
4440.000            1.682            0.000
4500.000            1.548            0.000
4560.000            1.423            0.000
4620.000            1.304            0.000
4680.000            1.193            0.000
4740.000            1.089            0.000
4800.000            1.000            0.000
4860.000            0.929            0.000
4920.000            0.861            0.000
4980.000            0.799            0.000
5040.000            0.746            0.000
Sezione5 Beche
1920.035            0.000            0.000
1980.000            0.087            0.000
2040.000            0.335            0.000
2100.000            0.397            0.000
2160.000            0.393            0.000
2220.000            0.327            0.000
2280.000            0.271            0.000
2340.000            0.239            0.000
2400.000            0.239            0.000
2460.000            0.240            0.000
2520.000            0.215            0.000
2580.000            0.140            0.000
2640.000            0.089            0.000
2700.000            0.054            0.000
2760.000            0.043            0.000
2820.000            0.034            0.000
2880.000            0.026            0.000
2940.000            0.018            0.000

   END